chi2 at LATCHI8 (0.0295, 0.0073): table, analytic                      [17.453336326242535, 17.5973259129653]
b_fm  dP/das table(exact)  clad(analytic)
0.09   2.6613   2.6327
0.12   1.1460   1.1470
0.15  -0.1993  -0.1589
0.18  -1.3287  -1.2432
0.24  -2.6570  -2.4914
0.27  -2.9035  -2.7113
0.30  -3.0022  -2.7917
0.36  -3.0283  -2.7972
0.36  -3.0283  -2.7972
0.45  -2.9886  -2.7451
0.45  -2.9886  -2.7451
0.48  -2.9770  -2.7315
0.54  -2.9594  -2.7113
0.60  -2.9476  -2.6981
0.60  -2.9476  -2.6981
0.63  -2.9433  -2.6933
0.72  -2.9345  -2.6836
0.72  -2.9345  -2.6836
0.75  -2.9326  -2.6814
0.84  -2.9284  -2.6768
0.90  -2.9265  -2.6748
dchi2/dalpha_s at LATCHI8 lambda (Jnf+Jbt): table, SCETlib, ratio -284.34703822141813 -269.01730219884615 0.9460879349457656
