# b_fm  zeta_class_analytic  zeta_kernel  zeta_class_exact  zeta_kernel_pert  grad_clad[6] (gamma_zeta units)
0.150 -0.092482222295 -0.092482222295 -0.092823600440 -0.049171137363 -1.5886776735e-01 -2.2671540951e-04 3.1200322988e-03 -2.7091869101e-05 -2.8837934129e-01 -1.6663787664e-01
# hessian (gamma_zeta units) at b = 0.150 fm, params alphas tnp_gamma_cusp tnp_gamma_nu np_gnu_lambda_inf np_gnu_lambda2 np_gnu_lambda4
#H  6.838051e+01 -2.254481e-02  2.382527e-01  0.000000e+00  0.000000e+00  0.000000e+00
#H -2.254481e-02  0.000000e+00  0.000000e+00  0.000000e+00  0.000000e+00  0.000000e+00
#H  2.382527e-01  0.000000e+00  0.000000e+00  0.000000e+00  0.000000e+00  0.000000e+00
#H  0.000000e+00  0.000000e+00  0.000000e+00  4.059713e-05 -5.412950e-04 -3.127834e-04
#H  0.000000e+00  0.000000e+00  0.000000e+00 -5.412950e-04  7.217267e-03  4.170445e-03
#H  0.000000e+00  0.000000e+00  0.000000e+00 -3.127834e-04  4.170445e-03  2.409861e-03
0.300 -0.341286430336 -0.341286430336 -0.342865267662 -0.169649504997 -2.7916978591e+00 -8.4415381717e-04 5.4868795282e-03 -1.6954885553e-03 -1.1216396549e+00 -2.5925248266e+00
0.450 -0.547338748359 -0.547338748359 -0.549157284814 -0.175940783564 -2.7451235670e+00 -9.7518481802e-04 5.9891650315e-03 -1.7577721654e-02 -2.2416168099e+00 -1.1657715750e+01
0.600 -0.776347655272 -0.776347655272 -0.778211311471 -0.176178738729 -2.6980893459e+00 -1.0019870989e-03 6.0919071083e-03 -7.8263175903e-02 -2.9576170982e+00 -2.7344595821e+01
0.750 -0.970629615340 -0.970629615340 -0.972505722712 -0.176152815609 -2.6813846169e+00 -1.0096102061e-03 6.1211290191e-03 -1.9744572763e-01 -2.6639022965e+00 -3.8482907642e+01
0.900 -1.091576722836 -1.091576722836 -1.093457293687 -0.176127904319 -2.6747658280e+00 -1.0123812386e-03 6.1317513103e-03 -3.3138653110e-01 -1.6845050421e+00 -3.5041637578e+01
0.120 -0.017020904861 -0.017020904861 -0.017045941513 0.010708430860 1.1469780887e+00 -4.3963258634e-05 2.4194823871e-03 -7.1082705100e-06 -1.8476746120e-01 -6.8330569908e-02
0.240 -0.262214296868 -0.262214296868 -0.263473621708 -0.151721491341 -2.4914498865e+00 -6.8464658437e-04 4.8754351358e-03 -4.5076009209e-04 -7.3060856895e-01 -1.0807725467e+00
0.360 -0.418983579102 -0.418983579102 -0.420711225931 -0.174414619394 -2.7972024806e+00 -9.2369749223e-04 5.7917969493e-03 -4.9360941237e-03 -1.5646451431e+00 -5.2077234959e+00
0.480 -0.592841556986 -0.592841556986 -0.594674994653 -0.176066191960 -2.7315003924e+00 -9.8392101173e-04 6.0226537740e-03 -2.5039056994e-02 -2.4446483402e+00 -1.4465249518e+01
0.600 -0.776347655272 -0.776347655272 -0.778211311471 -0.176178738729 -2.6980893459e+00 -1.0019870989e-03 6.0919071083e-03 -7.8263175903e-02 -2.9576170982e+00 -2.7344595821e+01
0.720 -0.937127670849 -0.937127670849 -0.939002246743 -0.176159118969 -2.6835652332e+00 -1.0086649004e-03 6.1175053474e-03 -1.7033400086e-01 -2.8020036677e+00 -3.7304459483e+01
0.840 -1.052317282081 -1.052317282081 -1.054196533128 -0.176136405141 -2.6767685710e+00 -1.0115591182e-03 6.1285998490e-03 -2.8022781054e-01 -2.1048350390e+00 -3.8142020600e+01
0.090 0.068050961355 0.068050961355 0.068283077832 0.083651446555 2.6327214757e+00 1.2818956818e-04 1.7595632177e-03 -1.2656516911e-06 -1.0398635931e-01 -2.1631590438e-02
0.180 -0.158942881987 -0.158942881987 -0.159625686372 -0.096616769553 -1.2431953680e+00 -4.0428249475e-04 3.8007061256e-03 -8.0765651447e-05 -4.1443054088e-01 -3.4484491175e-01
0.270 -0.303001196375 -0.303001196375 -0.304449392134 -0.163501056881 -2.7113212811e+00 -7.7759888149e-04 5.2317522748e-03 -9.0845597454e-04 -9.1788818363e-01 -1.7184795437e+00
0.360 -0.418983579102 -0.418983579102 -0.420711225931 -0.174414619394 -2.7972024806e+00 -9.2369749223e-04 5.7917969493e-03 -4.9360941237e-03 -1.5646451431e+00 -5.2077234959e+00
0.450 -0.547338748359 -0.547338748359 -0.549157284814 -0.175940783564 -2.7451235670e+00 -9.7518481802e-04 5.9891650315e-03 -1.7577721654e-02 -2.2416168099e+00 -1.1657715750e+01
0.540 -0.685372764030 -0.685372764030 -0.687225387485 -0.176162470017 -2.7112990070e+00 -9.9532962553e-04 6.0663867936e-03 -4.6591872483e-02 -2.7735103270e+00 -2.0770376376e+01
0.630 -0.819888116121 -0.819888116121 -0.821755511034 -0.176176523028 -2.6932988989e+00 -1.0042623321e-03 6.1006288353e-03 -9.8000829317e-02 -2.9847328964e+00 -3.0423812127e+01
0.720 -0.937127670849 -0.937127670849 -0.939002246743 -0.176159118969 -2.6835652332e+00 -1.0086649004e-03 6.1175053474e-03 -1.7033400086e-01 -2.8020036677e+00 -3.7304459483e+01
# A max|kernel - class(analytic)| full = 4.718e-16, pert = 4.580e-16 (gamma_nu units)
# B max rel |clad grad - FD(class)| = 9.975e-07
# C max rel |clad hess - FD(clad grad)| = 1.280e-06
