# b_fm  zeta_class_analytic  zeta_kernel  zeta_class_exact  zeta_kernel_pert  grad_clad[6] (gamma_zeta units)
0.150 -0.069037825469 -0.069037825469 -0.069451794735 -0.053257461407 -3.1452427507e-01 -2.7723490102e-04 3.6417263973e-03 -1.3099400845e-06 -2.8884936721e-01 -1.6690947765e-01
# hessian (gamma_zeta units) at b = 0.150 fm, params alphas tnp_gamma_cusp tnp_gamma_nu np_gnu_lambda_inf np_gnu_lambda2 np_gnu_lambda4
#H  6.105224e+01 -2.821567e-02  2.851174e-01  0.000000e+00  0.000000e+00  0.000000e+00
#H -2.821567e-02  0.000000e+00  0.000000e+00  0.000000e+00  0.000000e+00  0.000000e+00
#H  2.851174e-01  0.000000e+00  0.000000e+00  0.000000e+00  0.000000e+00  0.000000e+00
#H  0.000000e+00  0.000000e+00  0.000000e+00  1.964649e-06 -7.193521e-05 -4.156723e-05
#H  0.000000e+00  0.000000e+00  0.000000e+00 -7.193521e-05  2.633892e-03  1.521975e-03
#H  0.000000e+00  0.000000e+00  0.000000e+00 -4.156723e-05  1.521975e-03  8.794622e-04
0.300 -0.261737364130 -0.261737364130 -0.263729841683 -0.182748262695 -3.3422057586e+00 -1.0650025328e-03 6.6615023192e-03 -1.6448387046e-04 -1.1484746157e+00 -2.6545503638e+00
0.450 -0.423480727551 -0.423480727551 -0.425782711454 -0.189686937706 -3.3119511986e+00 -1.2375730442e-03 7.3230226130e-03 -4.3073783710e-03 -2.4581610840e+00 -1.2783872363e+01
0.600 -0.707575835888 -0.707575835888 -0.709935704068 -0.189978091506 -3.2634671430e+00 -1.2730864632e-03 7.4591573858e-03 -4.9035020177e-02 -3.3842743841e+00 -3.1289248103e+01
0.750 -1.022362134545 -1.022362134545 -1.024737927278 -0.189960271964 -3.2459392058e+00 -1.2832002940e-03 7.4979270704e-03 -2.3256515762e-01 -2.2182449575e+00 -3.2044912435e+01
0.900 -1.168006987237 -1.168006987237 -1.170388479714 -0.189937152011 -3.2389551992e+00 -1.2868781487e-03 7.5120255134e-03 -4.4021125679e-01 -4.5119637069e-01 -9.3859378887e+00
0.120 0.000561433601 0.000561433601 0.000533398141 0.010353667864 1.1382618213e+00 -5.3179742503e-05 2.7828482897e-03 -3.1299143864e-07 -1.8489191060e-01 -6.8376593697e-02
0.240 -0.208982908746 -0.208982908746 -0.210561776706 -0.163279798305 -2.9773595073e+00 -8.5734622644e-04 5.8654864781e-03 -3.1834466259e-05 -7.3809362674e-01 -1.0918450215e+00
0.360 -0.314812572981 -0.314812572981 -0.316997471739 -0.187977727944 -3.3619590980e+00 -1.1695543003e-03 7.0622840945e-03 -6.8233750848e-04 -1.6374148685e+00 -5.4499283246e+00
0.480 -0.470104528150 -0.470104528150 -0.472425652792 -0.189833292885 -3.2980690750e+00 -1.2491407339e-03 7.3673654233e-03 -7.4579710465e-03 -2.7261540075e+00 -1.6130949100e+01
0.600 -0.707575835888 -0.707575835888 -0.709935704068 -0.189978091506 -3.2634671430e+00 -1.2730864632e-03 7.4591573858e-03 -4.9035020177e-02 -3.3842743841e+00 -3.1289248103e+01
0.720 -0.968577009074 -0.968577009074 -0.970950844863 -0.189965800944 -3.2482351314e+00 -1.2819458112e-03 7.4931182196e-03 -1.8418696414e-01 -2.6211912630e+00 -3.4897214588e+01
0.840 -1.133173304426 -1.133173304426 -1.135553112202 -0.189945203868 -3.2410709701e+00 -1.2857869093e-03 7.5078424289e-03 -3.7417147241e-01 -9.9956914749e-01 -1.8113337296e+01
0.090 0.081941218581 0.081941218581 0.082217606699 0.087314845366 2.7634624795e+00 1.5332145511e-04 1.9912603655e-03 -5.1723005609e-08 -1.0400866974e-01 -2.1636231528e-02
0.180 -0.127533176733 -0.127533176733 -0.128374108463 -0.103965689281 -1.5388075333e+00 -4.9919032974e-04 4.4925555407e-03 -4.3638202309e-06 -4.1581560934e-01 -3.4599741806e-01
0.270 -0.236802496894 -0.236802496894 -0.238625770738 -0.176051464715 -3.2403079329e+00 -9.7802820313e-04 6.3281007221e-03 -7.4792954152e-05 -9.3265018691e-01 -1.7461171156e+00
0.360 -0.314812572981 -0.314812572981 -0.316997471739 -0.187977727944 -3.3619590980e+00 -1.1695543003e-03 7.0622840945e-03 -6.8233750848e-04 -1.6374148685e+00 -5.4499283246e+00
0.450 -0.423480727551 -0.423480727551 -0.425782711454 -0.189686937706 -3.3119511986e+00 -1.2375730442e-03 7.3230226130e-03 -4.3073783710e-03 -2.4581610840e+00 -1.2783872363e+01
0.540 -0.579741451830 -0.579741451830 -0.582087187917 -0.189951833236 -3.2772270366e+00 -1.2642585091e-03 7.4253168948e-03 -2.0383606993e-02 -3.1755082008e+00 -2.3780874321e+01
0.630 -0.775240935062 -0.775240935062 -0.777605588024 -0.189978706983 -3.2584547556e+00 -1.2761044851e-03 7.4707264695e-03 -7.2238155236e-02 -3.3508336240e+00 -3.4155529551e+01
0.720 -0.968577009074 -0.968577009074 -0.970950844863 -0.189965800944 -3.2482351314e+00 -1.2819458112e-03 7.4931182196e-03 -1.8418696414e-01 -2.6211912630e+00 -3.4897214588e+01
# A max|kernel - class(analytic)| full = 5.551e-16, pert = 5.551e-16 (gamma_nu units)
# B max rel |clad grad - FD(class)| = 9.482e-06
# C max rel |clad hess - FD(clad grad)| = 2.322e-06
